Chain Sequence Name Sheet Bridge2 Bridge1 Helix 5-turn 4-turn 3-turn
A	1.0		0	0	0	0	0	0	0
A	2.0	ALA	0	0	0	0	5.0	0	0
A	3.0	GLU	0	0	0	1.0	5.0	4.0	0
A	4.0	GLU	0	0	0	1.0	5.0	4.0	3.0
A	5.0	LEU	0	0	0	1.0	5.0	4.0	3.0
A	6.0	GLU	0	0	0	1.0	0	4.0	3.0
A	7.0	GLU	0	0	0	1.0	5.0	4.0	3.0
A	8.0	VAL	0	0	0	1.0	5.0	4.0	3.0
A	9.0	VAL	0	0	0	1.0	5.0	4.0	3.0
A	10.0	MET	0	0	0	1.0	5.0	4.0	3.0
A	11.0	GLY	0	0	0	1.0	5.0	4.0	3.0
A	12.0	LEU	0	0	0	1.0	5.0	4.0	3.0
A	13.0	ILE	0	0	0	1.0	5.0	4.0	3.0
A	14.0	ILE	0	0	0	1.0	5.0	4.0	3.0
A	15.0	ASN	0	0	0	1.0	5.0	4.0	3.0
A	16.0	SER	0	0	0	1.0	5.0	4.0	3.0
A	17.0	GLY	0	0	0	1.0	5.0	4.0	3.0
A	18.0	GLN	0	0	0	1.0	5.0	4.0	3.0
A	19.0	ALA	0	0	0	1.0	5.0	4.0	3.0
A	20.0	ARG	0	0	0	1.0	5.0	4.0	3.0
A	21.0	SER	0	0	0	1.0	5.0	4.0	3.0
A	22.0	LEU	0	0	0	1.0	5.0	4.0	3.0
A	23.0	ALA	0	0	0	1.0	5.0	4.0	3.0
A	24.0	TYR	0	0	0	1.0	5.0	4.0	3.0
A	25.0	ALA	0	0	0	1.0	5.0	4.0	3.0
A	26.0	ALA	0	0	0	1.0	5.0	4.0	3.0
A	27.0	LEU	0	0	0	1.0	5.0	4.0	3.0
A	28.0	LYS	0	0	0	1.0	5.0	4.0	3.0
A	29.0	GLN	0	0	0	1.0	5.0	4.0	3.0
A	30.0	ALA	0	0	1.0	1.0	5.0	4.0	3.0
A	31.0	LYS	0	0	1.0	1.0	0	4.0	3.0
A	32.0	GLN	0	0	0	1.0	0	4.0	3.0
A	33.0	GLY	0	0	1.0	1.0	0	4.0	3.0
A	34.0	ASP	0	0	2.0	1.0	5.0	4.0	0
A	35.0	PHE	0	0	0	1.0	5.0	4.0	0
A	36.0	ALA	0	0	0	1.0	5.0	4.0	3.0
A	37.0	ALA	0	0	0	1.0	5.0	4.0	3.0
A	38.0	ALA	0	0	0	1.0	5.0	4.0	3.0
A	39.0	LYS	0	0	0	1.0	5.0	4.0	3.0
A	40.0	ALA	0	0	0	1.0	5.0	4.0	3.0
A	41.0	MET	0	0	0	1.0	5.0	4.0	3.0
A	42.0	MET	0	0	0	1.0	5.0	4.0	3.0
A	43.0	ASP	0	0	0	1.0	5.0	4.0	3.0
A	44.0	GLN	0	0	0	1.0	5.0	4.0	3.0
A	45.0	SER	0	0	0	1.0	5.0	4.0	3.0
A	46.0	ARG	0	0	0	1.0	5.0	4.0	3.0
A	47.0	MET	0	0	0	1.0	5.0	4.0	3.0
A	48.0	ALA	0	0	0	1.0	5.0	4.0	3.0
A	49.0	LEU	0	0	0	1.0	5.0	4.0	3.0
A	50.0	ASN	0	0	0	1.0	5.0	4.0	3.0
A	51.0	GLU	0	0	0	1.0	5.0	4.0	3.0
A	52.0	ALA	0	0	0	1.0	5.0	4.0	3.0
A	53.0	HIS	0	0	0	1.0	5.0	4.0	3.0
A	54.0	LEU	0	0	0	1.0	5.0	4.0	3.0
A	55.0	VAL	0	0	0	1.0	5.0	4.0	3.0
A	56.0	GLN	0	0	0	1.0	5.0	4.0	3.0
A	57.0	THR	0	0	0	1.0	5.0	4.0	3.0
A	58.0	LYS	0	0	0	1.0	5.0	4.0	3.0
A	59.0	LEU	0	0	0	1.0	5.0	4.0	3.0
A	60.0	ILE	0	0	0	1.0	0	4.0	3.0
A	61.0	GLU	0	0	0	1.0	5.0	4.0	3.0
A	62.0	GLY	0	0	0	1.0	5.0	4.0	3.0
A	63.0	ASP	0	0	0	1.0	5.0	4.0	3.0
A	64.0	ALA	0	0	1.0	0	5.0	0	3.0
A	65.0	GLY	0	0	1.0	0	0	0	3.0
A	66.0	GLU	0	0	0	0	0	0	0
A	67.0	GLY	0	0	1.0	1.0	0	4.0	3.0
A	68.0	LYS	0	0	1.0	0	0	0	0
A	69.0	MET	0	0	0	0	0	0	0
A	70.0	LYS	0	0	0	0	0	0	0
A	71.0	VAL	0	0	0	0	0	0	0
A	72.0	SER	0	0	0	0	0	0	0
A	73.0	LEU	0	0	0	1.0	0	4.0	0
A	74.0	VAL	0	0	0	1.0	0	4.0	3.0
A	75.0	LEU	0	0	0	0	5.0	0	3.0
A	76.0	VAL	0	0	0	1.0	5.0	4.0	3.0
A	77.0	HIS	0	0	0	1.0	5.0	4.0	3.0
A	78.0	ALA	0	0	0	1.0	5.0	4.0	3.0
A	79.0	GLN	0	0	0	1.0	5.0	4.0	3.0
A	80.0	LEU	0	0	0	1.0	5.0	4.0	3.0
A	81.0	HIS	0	0	0	1.0	5.0	4.0	3.0
A	82.0	LEU	0	0	0	1.0	5.0	4.0	3.0
A	83.0	MET	0	0	0	1.0	5.0	4.0	3.0
A	84.0	THR	0	0	0	1.0	5.0	4.0	3.0
A	85.0	SER	0	0	0	1.0	5.0	4.0	3.0
A	86.0	MET	0	0	0	1.0	5.0	4.0	3.0
A	87.0	LEU	0	0	0	1.0	5.0	4.0	3.0
A	88.0	ALA	0	0	0	1.0	5.0	4.0	3.0
A	89.0	ARG	0	0	0	1.0	5.0	4.0	3.0
A	90.0	GLU	0	0	0	1.0	5.0	4.0	3.0
A	91.0	LEU	0	0	0	1.0	5.0	4.0	3.0
A	92.0	ILE	0	0	0	1.0	5.0	4.0	3.0
A	93.0	THR	0	0	0	1.0	5.0	4.0	3.0
A	94.0	GLU	0	0	0	1.0	5.0	4.0	3.0
A	95.0	LEU	0	0	0	1.0	0	4.0	3.0
A	96.0	ILE	0	0	0	1.0	5.0	4.0	3.0
A	97.0	GLU	0	0	0	1.0	5.0	4.0	3.0
A	98.0	LEU	0	0	0	1.0	5.0	4.0	3.0
A	99.0	HIS	0	0	0	1.0	0	4.0	3.0
A	100.0	GLU	0	0	2.0	1.0	5.0	4.0	3.0
A	101.0	LYS	0	0	0	1.0	0	4.0	3.0
A	102.0	LEU	0	0	0	1.0	0	4.0	3.0
A	103.0	LYS	0	0	2.0	1.0	5.0	4.0	3.0
		ALA	0	0					
B	1.0		0	0	0	0	0	0	0
B	2.0	ALA	0	0	0	0	5.0	0	0
B	3.0	GLU	0	0	0	1.0	5.0	4.0	0
B	4.0	GLU	0	0	0	1.0	5.0	4.0	3.0
B	5.0	LEU	0	0	0	1.0	5.0	4.0	3.0
B	6.0	GLU	0	0	0	1.0	0	4.0	3.0
B	7.0	GLU	0	0	0	1.0	5.0	4.0	3.0
B	8.0	VAL	0	0	0	1.0	5.0	4.0	3.0
B	9.0	VAL	0	0	0	1.0	5.0	4.0	3.0
B	10.0	MET	0	0	0	1.0	5.0	4.0	3.0
B	11.0	GLY	0	0	0	1.0	5.0	4.0	3.0
B	12.0	LEU	0	0	0	1.0	5.0	4.0	3.0
B	13.0	ILE	0	0	0	1.0	5.0	4.0	3.0
B	14.0	ILE	0	0	0	1.0	5.0	4.0	3.0
B	15.0	ASN	0	0	0	1.0	5.0	4.0	3.0
B	16.0	SER	0	0	0	1.0	5.0	4.0	3.0
B	17.0	GLY	0	0	0	1.0	5.0	4.0	3.0
B	18.0	GLN	0	0	0	1.0	5.0	4.0	3.0
B	19.0	ALA	0	0	0	1.0	5.0	4.0	3.0
B	20.0	ARG	0	0	0	1.0	5.0	4.0	3.0
B	21.0	SER	0	0	0	1.0	5.0	4.0	3.0
B	22.0	LEU	0	0	0	1.0	5.0	4.0	3.0
B	23.0	ALA	0	0	0	1.0	5.0	4.0	3.0
B	24.0	TYR	0	0	0	1.0	5.0	4.0	3.0
B	25.0	ALA	0	0	0	1.0	5.0	4.0	3.0
B	26.0	ALA	0	0	0	1.0	5.0	4.0	3.0
B	27.0	LEU	0	0	0	1.0	5.0	4.0	3.0
B	28.0	LYS	0	0	0	1.0	5.0	4.0	3.0
B	29.0	GLN	0	0	0	1.0	5.0	4.0	3.0
B	30.0	ALA	0	0	1.0	1.0	5.0	4.0	3.0
B	31.0	LYS	0	0	1.0	1.0	0	4.0	3.0
B	32.0	GLN	0	0	0	1.0	0	4.0	3.0
B	33.0	GLY	0	0	1.0	1.0	0	4.0	3.0
B	34.0	ASP	0	0	2.0	1.0	5.0	4.0	0
B	35.0	PHE	0	0	0	1.0	5.0	4.0	0
B	36.0	ALA	0	0	0	1.0	5.0	4.0	3.0
B	37.0	ALA	0	0	0	1.0	5.0	4.0	3.0
B	38.0	ALA	0	0	0	1.0	5.0	4.0	3.0
B	39.0	LYS	0	0	0	1.0	5.0	4.0	3.0
B	40.0	ALA	0	0	0	1.0	5.0	4.0	3.0
B	41.0	MET	0	0	0	1.0	5.0	4.0	3.0
B	42.0	MET	0	0	0	1.0	5.0	4.0	3.0
B	43.0	ASP	0	0	0	1.0	5.0	4.0	3.0
B	44.0	GLN	0	0	0	1.0	5.0	4.0	3.0
B	45.0	SER	0	0	0	1.0	5.0	4.0	3.0
B	46.0	ARG	0	0	0	1.0	5.0	4.0	3.0
B	47.0	MET	0	0	0	1.0	5.0	4.0	3.0
B	48.0	ALA	0	0	0	1.0	5.0	4.0	3.0
B	49.0	LEU	0	0	0	1.0	5.0	4.0	3.0
B	50.0	ASN	0	0	0	1.0	5.0	4.0	3.0
B	51.0	GLU	0	0	0	1.0	5.0	4.0	3.0
B	52.0	ALA	0	0	0	1.0	5.0	4.0	3.0
B	53.0	HIS	0	0	0	1.0	5.0	4.0	3.0
B	54.0	LEU	0	0	0	1.0	5.0	4.0	3.0
B	55.0	VAL	0	0	0	1.0	5.0	4.0	3.0
B	56.0	GLN	0	0	0	1.0	5.0	4.0	3.0
B	57.0	THR	0	0	0	1.0	5.0	4.0	3.0
B	58.0	LYS	0	0	0	1.0	5.0	4.0	3.0
B	59.0	LEU	0	0	0	1.0	5.0	4.0	3.0
B	60.0	ILE	0	0	0	1.0	0	4.0	3.0
B	61.0	GLU	0	0	0	1.0	5.0	4.0	3.0
B	62.0	GLY	0	0	0	1.0	5.0	4.0	3.0
B	63.0	ASP	0	0	0	1.0	5.0	4.0	3.0
B	64.0	ALA	0	0	1.0	0	5.0	0	3.0
B	65.0	GLY	0	0	1.0	0	0	0	3.0
B	66.0	GLU	0	0	0	0	0	0	0
B	67.0	GLY	0	0	1.0	1.0	0	4.0	3.0
B	68.0	LYS	0	0	1.0	0	0	0	0
B	69.0	MET	0	0	0	0	0	0	0
B	70.0	LYS	0	0	0	0	0	0	0
B	71.0	VAL	0	0	0	0	0	0	0
B	72.0	SER	0	0	0	0	0	0	0
B	73.0	LEU	0	0	0	1.0	0	4.0	0
B	74.0	VAL	0	0	0	1.0	0	4.0	3.0
B	75.0	LEU	0	0	0	0	5.0	0	3.0
B	76.0	VAL	0	0	0	1.0	5.0	4.0	3.0
B	77.0	HIS	0	0	0	1.0	5.0	4.0	3.0
B	78.0	ALA	0	0	0	1.0	5.0	4.0	3.0
B	79.0	GLN	0	0	0	1.0	5.0	4.0	3.0
B	80.0	LEU	0	0	0	1.0	5.0	4.0	3.0
B	81.0	HIS	0	0	0	1.0	5.0	4.0	3.0
B	82.0	LEU	0	0	0	1.0	5.0	4.0	3.0
B	83.0	MET	0	0	0	1.0	5.0	4.0	3.0
B	84.0	THR	0	0	0	1.0	5.0	4.0	3.0
B	85.0	SER	0	0	0	1.0	5.0	4.0	3.0
B	86.0	MET	0	0	0	1.0	5.0	4.0	3.0
B	87.0	LEU	0	0	0	1.0	5.0	4.0	3.0
B	88.0	ALA	0	0	0	1.0	5.0	4.0	3.0
B	89.0	ARG	0	0	0	1.0	5.0	4.0	3.0
B	90.0	GLU	0	0	0	1.0	5.0	4.0	3.0
B	91.0	LEU	0	0	0	1.0	5.0	4.0	3.0
B	92.0	ILE	0	0	0	1.0	5.0	4.0	3.0
B	93.0	THR	0	0	0	1.0	5.0	4.0	3.0
B	94.0	GLU	0	0	0	1.0	5.0	4.0	3.0
B	95.0	LEU	0	0	0	1.0	0	4.0	3.0
B	96.0	ILE	0	0	0	1.0	5.0	4.0	3.0
B	97.0	GLU	0	0	0	1.0	5.0	4.0	3.0
B	98.0	LEU	0	0	0	1.0	5.0	4.0	3.0
B	99.0	HIS	0	0	0	1.0	0	4.0	3.0
B	100.0	GLU	0	0	2.0	1.0	5.0	4.0	3.0
B	101.0	LYS	0	0	0	1.0	0	4.0	3.0
B	102.0	LEU	0	0	0	1.0	5.0	4.0	3.0
B	103.0	LYS	0	0	2.0	1.0	0	4.0	3.0
		ALA	0	0					
C	1.0		0	0	0	0	0	0	0
C	2.0	ALA	0	0	0	0	5.0	0	0
C	3.0	GLU	0	0	0	1.0	5.0	4.0	0
C	4.0	GLU	0	0	0	1.0	5.0	4.0	3.0
C	5.0	LEU	0	0	0	1.0	5.0	4.0	3.0
C	6.0	GLU	0	0	0	1.0	0	4.0	3.0
C	7.0	GLU	0	0	0	1.0	5.0	4.0	3.0
C	8.0	VAL	0	0	0	1.0	5.0	4.0	3.0
C	9.0	VAL	0	0	0	1.0	5.0	4.0	3.0
C	10.0	MET	0	0	0	1.0	5.0	4.0	3.0
C	11.0	GLY	0	0	0	1.0	5.0	4.0	3.0
C	12.0	LEU	0	0	0	1.0	5.0	4.0	3.0
C	13.0	ILE	0	0	0	1.0	5.0	4.0	3.0
C	14.0	ILE	0	0	0	1.0	5.0	4.0	3.0
C	15.0	ASN	0	0	0	1.0	5.0	4.0	3.0
C	16.0	SER	0	0	0	1.0	5.0	4.0	3.0
C	17.0	GLY	0	0	0	1.0	5.0	4.0	3.0
C	18.0	GLN	0	0	0	1.0	5.0	4.0	3.0
C	19.0	ALA	0	0	0	1.0	5.0	4.0	3.0
C	20.0	ARG	0	0	0	1.0	5.0	4.0	3.0
C	21.0	SER	0	0	0	1.0	5.0	4.0	3.0
C	22.0	LEU	0	0	0	1.0	5.0	4.0	3.0
C	23.0	ALA	0	0	0	1.0	5.0	4.0	3.0
C	24.0	TYR	0	0	0	1.0	5.0	4.0	3.0
C	25.0	ALA	0	0	0	1.0	5.0	4.0	3.0
C	26.0	ALA	0	0	0	1.0	5.0	4.0	3.0
C	27.0	LEU	0	0	0	1.0	5.0	4.0	3.0
C	28.0	LYS	0	0	0	1.0	5.0	4.0	3.0
C	29.0	GLN	0	0	0	1.0	5.0	4.0	3.0
C	30.0	ALA	0	0	1.0	1.0	5.0	4.0	3.0
C	31.0	LYS	0	0	1.0	1.0	0	4.0	3.0
C	32.0	GLN	0	0	0	1.0	0	4.0	3.0
C	33.0	GLY	0	0	1.0	1.0	0	4.0	3.0
C	34.0	ASP	0	0	2.0	1.0	5.0	4.0	0
C	35.0	PHE	0	0	0	1.0	5.0	4.0	0
C	36.0	ALA	0	0	0	1.0	5.0	4.0	3.0
C	37.0	ALA	0	0	0	1.0	5.0	4.0	3.0
C	38.0	ALA	0	0	0	1.0	5.0	4.0	3.0
C	39.0	LYS	0	0	0	1.0	5.0	4.0	3.0
C	40.0	ALA	0	0	0	1.0	5.0	4.0	3.0
C	41.0	MET	0	0	0	1.0	5.0	4.0	3.0
C	42.0	MET	0	0	0	1.0	5.0	4.0	3.0
C	43.0	ASP	0	0	0	1.0	5.0	4.0	3.0
C	44.0	GLN	0	0	0	1.0	5.0	4.0	3.0
C	45.0	SER	0	0	0	1.0	5.0	4.0	3.0
C	46.0	ARG	0	0	0	1.0	5.0	4.0	3.0
C	47.0	MET	0	0	0	1.0	5.0	4.0	3.0
C	48.0	ALA	0	0	0	1.0	5.0	4.0	3.0
C	49.0	LEU	0	0	0	1.0	5.0	4.0	3.0
C	50.0	ASN	0	0	0	1.0	5.0	4.0	3.0
C	51.0	GLU	0	0	0	1.0	5.0	4.0	3.0
C	52.0	ALA	0	0	0	1.0	5.0	4.0	3.0
C	53.0	HIS	0	0	0	1.0	5.0	4.0	3.0
C	54.0	LEU	0	0	0	1.0	5.0	4.0	3.0
C	55.0	VAL	0	0	0	1.0	5.0	4.0	3.0
C	56.0	GLN	0	0	0	1.0	5.0	4.0	3.0
C	57.0	THR	0	0	0	1.0	5.0	4.0	3.0
C	58.0	LYS	0	0	0	1.0	5.0	4.0	3.0
C	59.0	LEU	0	0	0	1.0	5.0	4.0	3.0
C	60.0	ILE	0	0	0	1.0	0	4.0	3.0
C	61.0	GLU	0	0	0	1.0	5.0	4.0	3.0
C	62.0	GLY	0	0	0	1.0	5.0	4.0	3.0
C	63.0	ASP	0	0	0	1.0	5.0	4.0	3.0
C	64.0	ALA	0	0	1.0	0	5.0	0	3.0
C	65.0	GLY	0	0	1.0	0	0	0	3.0
C	66.0	GLU	0	0	0	0	0	0	0
C	67.0	GLY	0	0	1.0	1.0	0	4.0	3.0
C	68.0	LYS	0	0	1.0	0	0	0	0
C	69.0	MET	0	0	0	0	0	0	0
C	70.0	LYS	0	0	0	0	0	0	0
C	71.0	VAL	0	0	0	0	0	0	0
C	72.0	SER	0	0	0	0	0	0	0
C	73.0	LEU	0	0	0	1.0	0	4.0	0
C	74.0	VAL	0	0	0	1.0	0	4.0	3.0
C	75.0	LEU	0	0	0	0	5.0	0	3.0
C	76.0	VAL	0	0	0	1.0	5.0	4.0	3.0
C	77.0	HIS	0	0	0	1.0	5.0	4.0	3.0
C	78.0	ALA	0	0	0	1.0	5.0	4.0	3.0
C	79.0	GLN	0	0	0	1.0	5.0	4.0	3.0
C	80.0	LEU	0	0	0	1.0	5.0	4.0	3.0
C	81.0	HIS	0	0	0	1.0	5.0	4.0	3.0
C	82.0	LEU	0	0	0	1.0	5.0	4.0	3.0
C	83.0	MET	0	0	0	1.0	5.0	4.0	3.0
C	84.0	THR	0	0	0	1.0	5.0	4.0	3.0
C	85.0	SER	0	0	0	1.0	5.0	4.0	3.0
C	86.0	MET	0	0	0	1.0	5.0	4.0	3.0
C	87.0	LEU	0	0	0	1.0	5.0	4.0	3.0
C	88.0	ALA	0	0	0	1.0	5.0	4.0	3.0
C	89.0	ARG	0	0	0	1.0	5.0	4.0	3.0
C	90.0	GLU	0	0	0	1.0	5.0	4.0	3.0
C	91.0	LEU	0	0	0	1.0	5.0	4.0	3.0
C	92.0	ILE	0	0	0	1.0	5.0	4.0	3.0
C	93.0	THR	0	0	0	1.0	5.0	4.0	3.0
C	94.0	GLU	0	0	0	1.0	5.0	4.0	3.0
C	95.0	LEU	0	0	0	1.0	0	4.0	3.0
C	96.0	ILE	0	0	0	1.0	5.0	4.0	3.0
C	97.0	GLU	0	0	0	1.0	5.0	4.0	3.0
C	98.0	LEU	0	0	0	1.0	5.0	4.0	3.0
C	99.0	HIS	0	0	0	1.0	0	4.0	3.0
C	100.0	GLU	0	0	2.0	1.0	5.0	4.0	3.0
C	101.0	LYS	0	0	0	1.0	0	4.0	3.0
C	102.0	LEU	0	0	0	1.0	5.0	4.0	3.0
C	103.0	LYS	0	0	2.0	0	0	0	0
		ALA	0	0					
